./lattice_gas 256 256 0 327 10000
./lattice_gas 256 256 0 655 10000
./lattice_gas 256 256 0 983 10000
./lattice_gas 256 256 0 1310 10000
./lattice_gas 256 256 0 1638 10000
./lattice_gas 256 256 0 1966 10000
./lattice_gas 256 256 0 2293 10000
./lattice_gas 256 256 0 2621 10000
./lattice_gas 256 256 0 2949 10000
./lattice_gas 256 256 0 3276 10000
./lattice_gas 256 256 0 3604 10000
./lattice_gas 256 256 0 3932 10000
./lattice_gas 256 256 0 4259 10000
./lattice_gas 256 256 0 4587 10000
./lattice_gas 256 256 0 4915 10000
./lattice_gas 256 256 0 5242 10000
./lattice_gas 256 256 0 5570 10000
./lattice_gas 256 256 0 5898 10000
./lattice_gas 256 256 0 6225 10000
./lattice_gas 256 256 0 6553 10000
./lattice_gas 256 256 0 6881 10000
./lattice_gas 256 256 0 7208 10000
./lattice_gas 256 256 0 7536 10000
./lattice_gas 256 256 0 7864 10000
./lattice_gas 256 256 0 8192 10000
./lattice_gas 256 256 0 8519 10000
./lattice_gas 256 256 0 8847 10000
./lattice_gas 256 256 0 9175 10000
./lattice_gas 256 256 0 9502 10000
./lattice_gas 256 256 0 9830 10000
./lattice_gas 256 256 0 10158 10000
./lattice_gas 256 256 0 10485 10000
./lattice_gas 256 256 0 10813 10000
./lattice_gas 256 256 0 11141 10000
./lattice_gas 256 256 0 11468 10000
./lattice_gas 256 256 0 11796 10000
./lattice_gas 256 256 0 12124 10000
./lattice_gas 256 256 0 12451 10000
./lattice_gas 256 256 0 12779 10000
./lattice_gas 256 256 0 13107 10000
./lattice_gas 256 256 0 13434 10000
./lattice_gas 256 256 0 13762 10000
./lattice_gas 256 256 0 14090 10000
./lattice_gas 256 256 0 14417 10000
./lattice_gas 256 256 0 14745 10000
./lattice_gas 256 256 0 15073 10000
./lattice_gas 256 256 0 15400 10000
./lattice_gas 256 256 0 15728 10000
./lattice_gas 256 256 0 16056 10000
